# oST version 5.0 parameters


[image]

width
1920

height
1080

[narrow_stereo]

camera matrix
1071.286613 0.000000 939.189366
0.000000 1069.832560 503.778370
0.000000 0.000000 1.000000

distortion
0.000876 -0.018020 -0.000819 0.001379 0.000000

rectification
1.000000 0.000000 0.000000
0.000000 1.000000 0.000000
0.000000 0.000000 1.000000

projection
1059.056741 0.000000 941.992412 0.000000
0.000000 1068.757211 502.890500 0.000000
0.000000 0.000000 1.000000 0.000000
